Row.names	C10orf71	ASIC4	RALGAPB	PTPRG	TUBG2	KIAA1755	CACNA1E	TSPAN4	TMEM132A	SMARCA2	MOV10	LRFN4	ABCC9	C2CD5	CTRB1	ATMIN	SH2D3A	HTRA3	KCNH4	PLEKHH3	NSD2	AK9	PDE1C	LRGUK	MTSS1	GPT	C2CD4D	KIF20B	SHISA7	SSC5D	PRDM15	BCL11B	ABR	FCRL5	NFATC4	C19orf47	ERBB4	ALDH4A1	ARID1A	TET3	DHX58	DHX30	PPP1R16A	DNAJC4	PLEKHG3	ZNF524	AMPD1	KCNK13	IRGQ	KCNAB3	FIZ1	CNTN5	CAPN13	ADAM15	FBXW10	PIDD1	SLC13A3	CAMSAP1	SHE	CES5A	IGFBP3	RHOBTB2	POSTN	chr10.18586122.A.11	chr10.20176976.T.8	chr10.22318940.T.8	chr10.102145006.C.8	chr11.102776456.A.9	chr12.7716181.T.7	chr12.68650387.T.9	chr13.101144918.A.7	chr14.39151680.A.11	chr14.49654731.T.10	chr14.95196611.T.8	chr15.27955158.T.7	chr15.30959130.A.10	chr15.65388901.G.7	chr17.28132599.T.9	chr17.31226701.T.8	chr17.58370936.G.6	chr17.72849810.A.15	chr17.75518974.T.12	chr18.10741065.T.8	chr18.68700489.A.15	chr19.6908664.T.13	chr19.16480550.A.12	chr1.25448883.T.8	chr1.150622878.A.14	chr1.160332564.A.10	chr1.172600036.A.9	chr1.219210662.A.9	chr1.235663082.A.13	chr20.13580985.A.16	chr2.61081434.T.15	chr2.108906291.T.8	chr2.176326805.T.9	chr2.178598719.A.8	chr2.236486815.A.8	chr3.195868357.G.8	chr4.344314.T.8	chr4.76384668.A.9	chr4.113661777.A.11	chr4.122349366.A.8	chr4.183641472.A.8	chr5.6623292.A.12	chr5.37221307.A.10	chr5.134525729.T.6	chr5.179723787.T.11	chr6.43054520.G.7	chr6.54160727.T.9	chr6.70142715.T.9	chr6.96534235.T.13	chr7.77404617.A.8	chr8.11304999.A.8	chr8.123805365.T.14	chr9.137272625.G.7	chrX.136713376.A.8	chr1.186119970.T.10	chr1.200173936.T.19	Cohort
IMSI0146TSFP	0	0	0	0	0	0	0	0	0	0	0	0	0	0	0	0	0	0	0	0	0	0	0	0	0	0	0	0	0	0	0	0	0	0	0	0	0	0	0	0	0	0	0	0	0	0	0	0	0	0	0	0	0	0	0	0	0	0	0	0	0	0	0	1.0	0.0	0	0.0	0.0	0.0	0.0	0.0	1.0	0.0	0	0.0	0.0	0.0	0	0.0	0.0	1.0	0	0	0.0	0.0	0.0	0	0.0	0	0.0	0.0	0.0	0.0	1.0	0.0	0.0	0.0	0.0	0.0	0	0	0	0.0	0	0	0.0	0	0.0	0	0	0.0	1.0	0.0	0.0	1.0	0.0	0.0		1.0	NIPICOL
IMSI0147TSFP	0	0	0	0	0	0	0	0	0	0	0	1	1	0	0	0	0	0	0	0	0	0	0	0	0	0	0	0	0	0	0	0	0	1	0	1	0	0	0	0	0	0	0	0	0	0	0	0	0	0	0	0	0	0	0	0	0	0	0	0	0	0	0	1.0	0.0	0	0.0	0.0	0.0	0.0	0.0	1.0	1.0	0	0.0	0.0	0.0	0	0.0	0.0	1.0	1	0	1.0	1.0		0	1.0	0	0.0	0.0	1.0	1.0	1.0	0.0	1.0	1.0	0.0	0.0	0	0	1	0.0	0	1	0.0	0	1.0	0	1	0.0	1.0	0.0	0.0	1.0	0.0	0.0	1.0	1.0	NIPICOL
IMSI0148TSFP	1	0	0	0	0	0	0	0	0	0	0	0	0	1	1	1	0	0	1	0	0	0	0	1	0	1	0	0	0	1	0	1	0	0	1	0	0	1	0	0	1	1	1	0	0	0	0	0	0	0	0	0	0	0	0	0	0	0	0	0	0	0	0	1.0	0.0	0	0.0	0.0	0.0	0.0	0.0	1.0	1.0	0	0.0	0.0	0.0	0	0.0	0.0	1.0	1	0	1.0	1.0	1.0	0	1.0	0	0.0	0.0	1.0	1.0	1.0	0.0	0.0	0.0	0.0	0.0	1	0	1	0.0	1	1	0.0	0	1.0	0	0	0.0	1.0	1.0	0.0	1.0	0.0		1.0	1.0	NIPICOL
IMSI0150TSFP	0	0	0	0	1	0	1	1	0	0	1	0	0	0	0	0	0	0	0	1	0	0	0	0	0	0	0	0	1	0	0	0	0	0	0	0	1	0	0	1	0	0	0	0	0	1	0	0	1	0	1	0	0	0	1	0	0	0	0	0	0	0	0	0.0	0.0	1	0.0	0.0	0.0	0.0	0.0	1.0	1.0	0	0.0	1.0	0.0	0	0.0	0.0	1.0	1	0	1.0	1.0	1.0	0	1.0	0	0.0	0.0	1.0	1.0	1.0	0.0	0.0	0.0	0.0	0.0	0	0	1	0.0	0	1	0.0	0	1.0	0	0	0.0	1.0	0.0	0.0	1.0	1.0	0.0	1.0	1.0	NIPICOL
IMSI0151TSFP	0	0	0	0	0	0	0	0	0	0	0	0	0	0	0	0	0	0	0	0	0	0	0	0	0	1	1	0	0	0	0	0	0	0	0	0	0	0	0	0	0	0	0	1	0	0	0	1	0	0	0	0	0	0	0	1	0	0	0	0	1	0	0	1.0	0.0	0	0.0	0.0	0.0	0.0	0.0		1.0	0	0.0	0.0	0.0	0	0.0	0.0	1.0	1	0	1.0	1.0	1.0	0	1.0	0	0.0	0.0	1.0	1.0	1.0	0.0	0.0	0.0	0.0	0.0	0	0	1	0.0	0	1	0.0	0	0.0	0	1	0.0	1.0		0.0	1.0	0.0	0.0		1.0	NIPICOL
IMSI0152TSFP	0	0	1	0	1	0	0	0	0	0	0	1	0	0	0	0	0	0	0	1	0	0	0	0	0	0	0	0	0	0	0	0	0	1	0	0	0	0	0	0	0	0	0	0	1	0	0	0	0	0	0	0	0	0	0	0	1	0	0	0	0	0	0	1.0	0.0	0	0.0	0.0	0.0	0.0	1.0	1.0	1.0	1	0.0	0.0	0.0	0	0.0	0.0	1.0	1	0	1.0	1.0	1.0	0	1.0	0	0.0	0.0	1.0	1.0	1.0	0.0	0.0	0.0	1.0	0.0	0	1	1	0.0	0	1	1.0	0	1.0	0	0	1.0	1.0	0.0	0.0	1.0	1.0	0.0		1.0	NIPICOL
IMSI0153TSFP	0	0	0	1	1	0	0	0	0	0	0	0	0	0	0	0	0	0	0	1	0	0	0	0	0	0	0	0	0	1	0	1	0	0	0	0	0	0	0	0	0	0	1	0	0	0	0	0	0	0	0	0	0	0	0	0	0	0	0	0	0	0	0	1.0	0.0	0	1.0	0.0	0.0	0.0	0.0		1.0	0	0.0	0.0	0.0	1	0.0	0.0	0.0	1	0	1.0	1.0	1.0	0	1.0	0	1.0	0.0	1.0	1.0	1.0	0.0	0.0	0.0	0.0	0.0	0	0	1	1.0	0	1	0.0	0	1.0	0	0	0.0	1.0	0.0	1.0	1.0	0.0	0.0	1.0	1.0	NIPICOL
IMSI0154MSFP	0	0	1	0	0	0	0	0	0	0	0	0	0	0	0	0	0	0	0	0	0	0	0	0	0	0	0	0	0	0	0	0	0	0	0	0	0	0	0	0	0	0	0	0	0	0	0	0	0	1	0	0	0	0	0	1	0	0	0	0	0	0	1	1.0	0.0	0	0.0	0.0	0.0	0.0	0.0	1.0	1.0	0	0.0	0.0	1.0	0	0.0	0.0	1.0	1	0	1.0	1.0	1.0	0	1.0	0	0.0	0.0	1.0	1.0	1.0	0.0	0.0	0.0	0.0	0.0	0	0	1	0.0	0	1	1.0	0	1.0	0	1	0.0	1.0		0.0	1.0	0.0	0.0			NIPICOL
IMSI0155TSFP	0	0	0	0	0	0	0	0	0	0	0	0	0	0	0	0	0	0	0	0	0	1	0	0	0	0	0	0	0	0	0	0	0	0	0	0	0	0	0	0	0	0	0	0	0	0	0	0	0	0	0	0	0	0	0	0	0	0	0	0	0	1	0		0.0	0	0.0	0.0	0.0	0.0	0.0	1.0	1.0	0	0.0	1.0	0.0	0	0.0	0.0	1.0	1	0	1.0	1.0	1.0	0	1.0	0	0.0	0.0	1.0	0.0	1.0	0.0	0.0	0.0	0.0	0.0	0	0	1	0.0	0	1	0.0	0	1.0	0	0	0.0	1.0	0.0	0.0	1.0	0.0	0.0		1.0	NIPICOL
IMSI0156TSFP	0	0	0	0	0	0	0	0	0	0	0	0	0	0	0	0	0	0	0	0	0	0	0	0	0	0	0	0	0	0	0	0	0	0	0	0	0	0	0	0	0	0	0	0	0	0	0	0	0	0	0	0	0	0	0	0	0	0	0	0	0	0	0	1.0	0.0	0	0.0	0.0	0.0	0.0	0.0	0.0	1.0	0	0.0	0.0	0.0	0	0.0	0.0	1.0	0	0	1.0	1.0		0	0.0	0	0.0	0.0	1.0	1.0	0.0	0.0	0.0	0.0	0.0	0.0	0	0	1	0.0	0	1	1.0	0	1.0	0	0	0.0	1.0	0.0	0.0	1.0	0.0	0.0	1.0	1.0	NIPICOL
IMSI0158TSFP	1	0	0	0	0	0	0	0	0	0	0	0	0	0	0	0	0	0	0	0	0	0	1	0	1	0	0	1	0	0	0	0	0	0	0	0	0	0	0	0	0	0	0	0	0	0	0	0	0	0	0	0	0	0	0	1	0	0	0	0	0	0	0	1.0	0.0	0	0.0	0.0	0.0	0.0	0.0	1.0	1.0	0	1.0	0.0	0.0	0	0.0	0.0	1.0	1	0	1.0	1.0	1.0	0	1.0	0	0.0	0.0	1.0	1.0	1.0	0.0	0.0	0.0	0.0	0.0	0	0	1	0.0	0	1	0.0	0	1.0	0	0	0.0	1.0	0.0	0.0	1.0	0.0	1.0	1.0		NIPICOL
IMSI0160TSFP	1	0	0	1	1	1	0	0	0	1	0	1	1	0	0	1	0	1	1	1	0	0	0	0	0	1	0	0	0	1	1	0	0	1	1	0	1	0	1	1	1	1	1	0	1	0	0	0	0	1	0	0	0	1	0	0	1	0	1	0	0	0	0	0.0	1.0	0	0.0	1.0	1.0	0.0	1.0	1.0	0.0	1	1.0	1.0	1.0	0	1.0	1.0	0.0	1	0	1.0	1.0		0	0.0	0	1.0	0.0	0.0	0.0	1.0	0.0	1.0	0.0	0.0	0.0	0	1	1	0.0	1	0	1.0	0	0.0	0	1	1.0	1.0	0.0	0.0	1.0	1.0	0.0	0.0	1.0	NIPICOL
IMSI0162TSFP	0	1	0	0	0	0	0	0	0	0	0	0	0	0	0	0	1	0	0	0	0	0	0	0	0	1	0	0	0	0	0	0	1	0	0	0	0	0	0	0	0	0	0	0	0	0	0	0	0	0	0	0	1	0	0	0	0	0	0	0	0	0	0		0.0	0	0.0	0.0	1.0	0.0	0.0	1.0		0	0.0	0.0	0.0	1		0.0	1.0	1	0	1.0	1.0	1.0	0	1.0	0	0.0	0.0	1.0	1.0	1.0	0.0	0.0	0.0	0.0	0.0	0	0	1	0.0	0	1	0.0	0	1.0	0	0	0.0	1.0	0.0	0.0	1.0	0.0	0.0	1.0		NIPICOL
IMSI0163TSFP	1	1	1	0	1	0	1	1	1	0	1	1	1	1	1	0	0	0	1	1	0	1	1	1	0	1	1	1	0	1	1	1	1	1	0	1	0	1	1	0	1	1	1	1	1	1	1	1	1	0	1	1	1	0	1	1	1	1	0	1	1	1	1		0.0	1	1.0	0.0	1.0	1.0	0.0	1.0	1.0	0	1.0	1.0	0.0	1	0.0	0.0	1.0	0	1	0.0	0.0	1.0	1	0.0	1	1.0	0.0	0.0	1.0	0.0	1.0	0.0	1.0	1.0	1.0	0	1	0	1.0	0	1	0.0	1	0.0	1	1	0.0	0.0	1.0	1.0	1.0	0.0	1.0	1.0	1.0	NIPICOL
IMSI0164TSFP	1	1	1	1	1	1	1	1	1	1	1	0	1	1	1	0	1	1	1	1	1	1	0	1	1	1	0	1	1	1	1	1	1	0	1	0	1	1	0	0	1	0	1	0	1	0	1	0	0	1	1	1	0	1	1	1	1	1	0	1	1	0	0	0.0	1.0	1	1.0	0.0	1.0	1.0	1.0	0.0	1.0	1	0.0	1.0	0.0	1	1.0	1.0	0.0	0	1	1.0	1.0	0.0	1	1.0	1	1.0	1.0	1.0	0.0	1.0	1.0	1.0	1.0	1.0	1.0	1	1	0	1.0	1	0	1.0	0	1.0	0	1	0.0	1.0	1.0	1.0	1.0	1.0	1.0	0.0	1.0	NIPICOL
IMSI0165TSFP	0	0	0	0	0	0	0	0	0	0	0	0	0	0	0	0	0	0	0	0	0	0	0	0	0	0	0	0	0	0	0	0	0	0	0	0	0	0	0	0	0	0	0	0	0	0	0	0	0	0	0	0	0	0	0	0	0	0	0	0	0	0	0	1.0	0.0	0	0.0	0.0	0.0	0.0	0.0	1.0	1.0	0	0.0	0.0	0.0	0	0.0	0.0	1.0	1	1	1.0	1.0		0	1.0	1	0.0	0.0	1.0	1.0	1.0	0.0	0.0	0.0	1.0	0.0	0	1	1	0.0	0	1	0.0	0	1.0	0	0	0.0	1.0	0.0	0.0	1.0	0.0	0.0		1.0	NIPICOL
IMSI0167TSFP	0	0	0	0	0	0	0	0	0	0	0	0	0	0	0	0	0	0	0	0	0	0	0	0	0	0	0	0	0	1	0	0	0	0	0	0	0	0	1	0	1	0	0	0	0	0	0	0	0	0	0	0	0	0	0	0	0	1	0	0	0	0	0		0.0	0	0.0		1.0		0.0			0	0.0	1.0	0.0	0		0.0	1.0	1	0		1.0		0	1.0	0	0.0	0.0	1.0	1.0	1.0	0.0	0.0		0.0	0.0	0	0	0		0	1		0		0	0		1.0	0.0	0.0		0.0			1.0	NIPICOL
IMSI0168TSFP	1	0	0	0	0	1	0	0	1	0	0	0	1	0	0	0	0	1	0	0	0	0	0	0	0	0	0	0	0	0	0	0	0	0	0	0	0	0	0	0	0	0	0	0	1	0	0	0	0	0	0	0	0	0	0	0	0	0	0	0	0	0	0		0.0	0	0.0		0.0	0.0	0.0		1.0	0	0.0	0.0	0.0	1		0.0	1.0	1	0	1.0	1.0		0	1.0	0	0.0	0.0	1.0	1.0	1.0	1.0		0.0	0.0	1.0	0	0	1		0	1		0	1.0	0	0			0.0	0.0		0.0	0.0		1.0	NIPICOL
IMSI0170TSFP	0	0	0	0	0	0	0	0	0	0	0	0	0	0	0	0	0	0	1	0	0	0	0	0	0	0	0	0	0	0	1	0	0	0	0	0	0	0	0	0	0	0	0	0	0	0	0	0	0	0	0	0	0	1	0	0	0	0	0	0	0	0	0	1.0	0.0	0	0.0	0.0	0.0	0.0	0.0		1.0	0	0.0	0.0	0.0	0	0.0	0.0	1.0	1	0	1.0	1.0		0	1.0	0	1.0	0.0	1.0		1.0	0.0	0.0	0.0	0.0	0.0	0	0	1	0.0	0	1		0	1.0	0	0	0.0	1.0	0.0	0.0	1.0	0.0	0.0		1.0	NIPICOL
IMSI0172TSFP	0	0	1	0	0	0	0	0	0	1	0	0	0	0	0	0	0	0	0	0	0	0	0	0	0	0	0	0	0	0	0	0	0	0	0	0	0	0	0	0	0	0	0	0	0	0	1	0	0	0	0	0	0	0	0	0	0	0	1	1	0	0	0	1.0	0.0	0	0.0	0.0	0.0	0.0	0.0		1.0	0	1.0	0.0	0.0	0	0.0	1.0	1.0	1	0	1.0	1.0		0	1.0	0	0.0	0.0	1.0	1.0	1.0	0.0	0.0	0.0	0.0	0.0	0	0	1	0.0	0	1	0.0	0	1.0	0	0	0.0	0.0	0.0	0.0	1.0	0.0	0.0	1.0	1.0	NIPICOL
IMSI0175TSFP	0	0	0	0	0	0	0	0	0	0	0	0	0	0	0	0	0	0	0	0	1	1	0	0	0	0	0	0	0	0	0	0	0	0	0	0	0	0	1	0	0	0	0	0	0	0	0	0	0	0	1	1	0	0	0	0	0	0	0	0	0	0	0	1.0	1.0	0	0.0	1.0	0.0	0.0	0.0		1.0	0	0.0	0.0	0.0	0		0.0	1.0	1	0	1.0	1.0	1.0	0	1.0	0	0.0	0.0	1.0	1.0	1.0	0.0	0.0	0.0	0.0	0.0	0	0	1		0	1	0.0	0	1.0	0	0	0.0	1.0	0.0	0.0		0.0	0.0		1.0	NIPICOL
IMSI0185TSFP	0	0	1	0	0	0	1	0	0	0	0	1	0	0	0	1	1	0	0	0	1	1	1	0	1	0	1	0	1	0	0	1	0	1	0	1	0	0	1	1	0	1	0	1	0	1	0	1	1	0	1	0	1	0	0	1	0	0	1	0	0	1	1	1.0	1.0	0	0.0	1.0	0.0	0.0	0.0	0.0	0.0	0	1.0	0.0	1.0	1	0.0	0.0	1.0	0	0	0.0	0.0	0.0	1	0.0	0	0.0	1.0	0.0	0.0	0.0	0.0	0.0	0.0	1.0	1.0	1	0	0	0.0	0	1	1.0	1	0.0	1	0	1.0	0.0	0.0	0.0	0.0	1.0	0.0	1.0	0.0	NIPICOL
IMSI0186TSFP	0	0	0	0	0	0	0	0	0	0	0	0	0	0	0	0	0	0	0	0	0	0	0	0	0	0	0	0	0	0	0	0	0	0	0	0	0	0	0	0	0	1	0	0	0	0	0	0	0	0	0	0	0	0	0	0	0	0	0	0	0	0	0	1.0	0.0	0	0.0	0.0	0.0	1.0	0.0	1.0	1.0	0	0.0	0.0	0.0	0	1.0	0.0	1.0	1	0	1.0	1.0	1.0	0	1.0	0	0.0	1.0	1.0	1.0	1.0	0.0	0.0	0.0	0.0	1.0	0	1	1	0.0	0	1	0.0	1	1.0	1	0	0.0	1.0	0.0	0.0	1.0	0.0	0.0	1.0	1.0	NIPICOL
RICKI-001T	1	1	1	1	0	0	0	0	0	0	0	0	0	0	0	0	0	0	0	0	0	0	0	0	0	0	0	0	0	0	0	0	0	0	0	0	0	0	0	0	0	0	0	0	0	0	0	0	0	0	0	0	0	0	0	0	0	0	0	0	0	0	0	1.0	0.0	0	0.0	1.0	0.0	0.0	0.0	1.0	0.0	0		0.0	0.0	0	0.0	1.0		1	0		1.0	1.0	1		1	0.0			1.0		0.0		0.0	0.0		0	1	1	0.0	0	1	1.0	1	1.0	0	0	1.0		1.0	0.0	1.0	0.0	1.0	1.0		RICKI
RICKI-003T	0	0	0	0	0	0	1	1	1	0	0	0	0	0	0	0	0	0	0	0	0	0	0	0	0	0	0	0	0	0	0	0	0	0	0	0	0	0	0	0	0	0	0	0	0	0	0	0	0	0	0	0	0	0	0	0	0	0	0	0	0	0	0	0.0	1.0	0		1.0	0.0	0.0	0.0	1.0	0.0	0	0.0	0.0	0.0	1	0.0	0.0		1	0		1.0	1.0	0		0	0.0	0.0		1.0		0.0		0.0	0.0		0	0	1	0.0	0	1	1.0	0	0.0	0	1	0.0		1.0			0.0	0.0			RICKI
RICKI-005T	0	0	0	0	0	0	0	0	0	1	0	0	0	0	0	0	0	0	0	0	0	0	0	0	0	0	0	0	0	0	0	0	0	0	0	0	0	0	0	0	0	0	0	0	0	0	0	0	0	0	0	0	0	0	0	0	0	0	0	0	0	0	0	0.0	0.0	0		0.0	0.0	1.0		1.0	1.0	0	0.0	0.0	0.0	0	0.0	0.0		1	1			1.0	0		1				1.0		0.0		0.0	0.0		1	0	1	0.0	0	1	1.0	0	0.0	1	1			0.0	0.0		0.0				RICKI
RICKI-006T	0	0	1	0	0	0	0	0	1	0	1	1	1	1	1	1	1	1	0	0	0	0	0	0	0	0	0	0	0	0	0	0	0	0	0	0	0	0	0	0	0	0	0	0	0	0	0	0	0	0	0	0	0	0	0	0	0	0	0	0	0	0	0	1.0	0.0	0	0.0	0.0	0.0	0.0	0.0	1.0	1.0	0	0.0	0.0	0.0	0	0.0	0.0		0	0		0.0	1.0	0		0		0.0				0.0	0.0	0.0	0.0		0	0	1	0.0	0	0	1.0	0	0.0	0	0	0.0	1.0	0.0	1.0		0.0	0.0	1.0		RICKI
RICKI-007T	0	0	0	0	0	0	0	0	0	0	0	0	0	0	0	0	0	0	1	1	1	1	1	1	1	1	0	0	0	0	0	0	0	0	0	0	0	0	0	0	0	0	0	0	0	0	0	0	0	0	0	0	0	0	0	0	0	0	0	0	0	0	0	1.0	0.0	0	1.0	1.0	1.0	1.0	0.0	1.0		1		0.0	0.0	1	0.0			0	0		1.0	1.0	0		1		1.0		1.0		0.0		1.0	1.0		0	1	0	0.0	1	1	1.0	0	1.0	0	1	0.0	1.0	0.0	0.0		1.0	0.0			RICKI
RICKI-008T	0	0	0	0	0	0	0	0	0	0	0	0	0	0	0	0	0	0	0	0	0	1	0	0	0	0	1	1	1	1	1	0	0	0	0	0	0	0	0	0	0	0	0	0	0	0	0	0	0	0	0	0	0	0	0	0	0	0	0	0	0	0	0		0.0	0	0.0	1.0	0.0		0.0	1.0		0		1.0	1.0	0		0.0		1	0		1.0	1.0	0		0				1.0		0.0		0.0	0.0		0	0	1		0	1		0	1.0	0	0				0.0		0.0		1.0		RICKI
RICKI-009T	0	0	0	0	0	0	0	1	0	0	0	0	0	0	0	0	0	0	0	0	0	0	1	0	0	0	0	0	0	1	0	0	0	0	0	0	0	0	0	0	0	0	0	0	0	0	0	0	0	0	0	0	0	0	0	0	0	0	0	0	0	0	0	1.0	1.0	0	0.0	1.0	0.0			0.0		0	0.0	0.0	0.0	0	0.0	0.0		1	0		1.0	1.0	0		0				1.0		0.0		0.0	0.0		0	1	1		0	0	0.0	0	0.0	0	0	1.0			0.0	1.0	0.0	0.0	1.0		RICKI
RICKI-011T	0	0	0	0	0	0	0	0	0	0	0	0	0	0	0	0	0	0	1	0	0	1	1	0	0	0	0	0	0	0	0	1	1	0	0	0	0	0	0	0	0	0	0	0	0	0	0	0	0	0	0	0	0	0	0	0	0	0	0	0	0	0	0	1.0	0.0	0	0.0	0.0	1.0	0.0	0.0	1.0	1.0	0		0.0	0.0	1	0.0	0.0		1	0	1.0	1.0	1.0	0		1	0.0	0.0	1.0	1.0		0.0	0.0	1.0	0.0		0	0	1	0.0	0	1	1.0	0	1.0	1	1	1.0	1.0	0.0	0.0	1.0	1.0		0.0		RICKI
RICKI-012T	0	0	0	0	0	0	0	0	0	1	0	0	0	0	0	0	0	0	0	0	0	0	0	0	0	0	0	0	0	0	0	0	0	1	1	0	0	0	0	0	0	0	0	0	0	0	0	0	0	0	0	0	0	0	0	0	0	0	0	0	0	0	0	1.0	1.0	0	0.0	1.0	0.0	0.0	0.0	1.0	1.0	1	0.0	0.0	0.0	0	0.0	0.0		1	1		1.0	0.0	1		0	0.0	0.0	1.0	1.0	1.0	0.0		1.0	0.0		0	0	1	1.0	0	1	1.0	0		0	0	0.0		0.0	0.0	1.0	0.0	0.0			RICKI
RICKI-013T	0	0	0	0	0	0	0	0	0	0	0	0	0	0	0	0	0	0	0	0	0	1	0	0	0	0	0	0	0	0	0	0	0	0	0	1	1	0	0	0	0	0	0	0	0	0	0	0	0	0	0	0	0	0	0	0	0	0	0	0	0	0	0	0.0	0.0	0	0.0	0.0	0.0	0.0	0.0	1.0	1.0	1		1.0	0.0	0	1.0	0.0		0	1		1.0	1.0	0		0	0.0	0.0		1.0		0.0		0.0			0	0	1		0	1	0.0	0	0.0	0	0	1.0		0.0	0.0	1.0	0.0	0.0	1.0		RICKI
RICKI-014T	0	0	0	0	0	0	1	0	0	0	0	0	0	0	0	0	0	0	0	0	0	0	0	0	0	0	1	0	0	0	0	0	0	0	0	0	0	1	1	1	0	0	0	0	0	0	0	0	0	0	0	0	0	0	0	0	0	0	0	0	0	0	0	1.0	0.0	0	0.0	0.0	0.0	0.0	0.0	1.0	0.0	0	0.0	1.0	0.0	0	0.0	0.0	1.0	1	0		1.0	1.0	0		0	0.0	0.0	1.0	1.0	1.0	1.0	0.0	0.0	0.0		0	0	1	0.0	0	1	0.0	0	0.0	1	0	0.0		1.0	0.0	1.0	0.0	0.0	0.0		RICKI
RICKI-015T	0	0	0	0	0	0	0	0	0	0	0	0	0	0	0	0	0	0	0	0	0	0	0	1	0	0	0	0	0	0	0	1	0	0	0	0	0	0	1	0	1	1	0	0	0	0	0	0	0	0	0	0	0	0	0	0	0	0	0	0	0	0	0			0	0.0	1.0					1.0	0	0.0	0.0	0.0	0	0.0	0.0		1	0		1.0		0		1				1.0		0.0		0.0			0	0	1		0	1	0.0	0	0.0	0	0			0.0	0.0		0.0	0.0			RICKI
RICKI-016T	0	0	0	1	0	0	0	0	0	0	0	0	0	0	0	0	1	0	0	0	0	0	0	0	0	0	0	1	0	0	0	0	0	0	0	0	0	0	0	0	0	0	1	0	0	0	0	0	0	0	0	0	0	0	0	0	0	0	0	0	0	0	0	0.0	0.0	0	0.0	0.0	0.0	0.0	0.0	0.0	1.0	0	0.0	0.0	0.0	1	0.0	0.0		1	0	0.0	1.0	0.0	0		0	1.0	0.0		1.0	0.0	1.0	1.0	0.0	0.0	0.0	0	0	0	0.0	0	0	1.0	0	0.0	0	0	0.0		0.0	0.0	1.0	0.0	0.0	0.0		RICKI
RICKI-018T	0	0	0	0	0	0	0	0	0	0	0	0	0	0	0	0	0	0	0	0	0	0	0	0	0	0	0	0	0	0	0	1	0	0	0	0	0	0	0	0	0	0	0	0	0	0	0	0	0	0	0	0	0	0	0	0	0	0	0	0	0	0	0	0.0	0.0	0	0.0	1.0	0.0	0.0	0.0	0.0	0.0	0	0.0	0.0	0.0	0	0.0	0.0		0	0		0.0	0.0	0		0	0.0			0.0	1.0	1.0	0.0	0.0	0.0	0.0	0	1	1	1.0	0	0	1.0	0	1.0	0	0		1.0	0.0	0.0	1.0	0.0		0.0		RICKI
RICKI-019T	0	0	1	0	0	0	0	0	0	0	0	0	0	1	0	0	0	0	0	0	0	1	0	0	0	0	0	0	0	0	0	0	1	0	0	0	0	0	0	0	0	0	0	1	0	0	0	0	0	0	0	0	0	0	0	0	0	0	0	0	0	0	0	1.0	1.0	0		1.0	0.0	1.0	0.0	1.0	0.0	0	1.0	1.0		1	0.0	0.0		1	0	1.0			0		0	0.0	1.0		1.0	1.0		0.0	0.0	1.0	0.0	0	1	1	1.0	0	1	1.0	0	1.0	0	1	0.0	1.0	0.0	0.0	1.0		0.0	0.0		RICKI
RICKI-020T	0	0	0	0	0	0	0	0	0	0	0	0	0	0	0	0	0	0	0	0	0	1	1	0	1	1	0	0	0	0	0	0	0	0	0	0	1	0	0	0	0	0	0	0	1	1	0	0	0	0	0	0	0	0	0	0	0	0	0	0	0	0	0	1.0	0.0	1		0.0	0.0	0.0	0.0	1.0	1.0	0		0.0		0	0.0			0	0		0.0		1		0				1.0		0.0		0.0	0.0		0	0	1	0.0	0	1	1.0	0	1.0	0	0			0.0	0.0		1.0		1.0		RICKI
RICKI-021T	0	0	1	0	0	0	0	0	1	0	0	0	0	0	0	0	0	0	0	0	0	1	0	0	0	0	0	1	0	0	0	0	0	0	0	0	0	1	0	0	0	1	0	0	0	0	1	1	1	0	0	0	0	0	0	0	0	0	0	0	0	0	0			0	0.0	0.0		0.0	0.0	1.0	0.0	0		1.0	0.0	1	0.0			1	0	1.0		1.0	0		0	1.0	0.0	1.0	1.0			0.0	0.0		0.0	0	0	1	0.0	0	1		0	1.0	0	0			0.0	0.0	1.0	0.0	0.0	1.0		RICKI
RICKI-022T	0	0	0	0	0	0	0	0	0	0	0	0	0	0	0	0	0	0	0	0	0	0	1	0	0	0	0	0	0	0	0	0	0	0	0	0	0	0	0	0	0	0	0	0	0	0	1	0	0	0	0	0	0	0	0	0	0	0	0	0	0	0	0	0.0	0.0	0		0.0	0.0	0.0	0.0	1.0	1.0	0		1.0	0.0	0	0.0			1	0		1.0		1		1	1.0	0.0		1.0				1.0	0.0	0.0	0	0	1	0.0	0	1	1.0	0	1.0	0	0			1.0	0.0		0.0		1.0		RICKI
RICKI-023T	0	0	0	0	0	0	0	0	0	0	0	0	0	0	0	0	0	0	0	0	0	0	0	0	0	0	0	0	0	0	0	0	0	0	0	0	0	0	0	0	0	0	0	0	0	0	0	0	0	1	0	0	0	0	0	0	0	0	0	0	0	0	0		0.0	1	0.0	0.0	1.0	0.0	0.0		1.0	0		0.0	0.0	0	0.0			1	0			1.0	1		0	0.0	1.0		1.0	1.0		0.0	0.0	0.0	0.0	0	0	1	0.0	1	1	0.0	1	1.0	1	0	0.0	0.0		0.0			1.0			RICKI
RICKI-025T	0	1	0	0	0	0	1	0	0	1	0	0	0	0	0	0	0	0	0	0	0	0	0	0	1	1	0	0	0	0	0	0	0	0	0	0	0	0	0	0	0	1	0	1	0	0	1	0	0	0	0	1	1	0	0	0	0	0	0	0	0	0	0	1.0	0.0	0	0.0	1.0	0.0	0.0	0.0	1.0	1.0	0	1.0	1.0	0.0	0	0.0	0.0		1	0		1.0	1.0	0		0		0.0		1.0		0.0	0.0	0.0		1.0	1	1	1	0.0	1	1	1.0	0	1.0	0	0			1.0	0.0	1.0	0.0	0.0	1.0		RICKI
RICKI-026T	0	0	1	0	0	0	0	1	0	0	0	0	0	0	0	0	0	0	0	0	1	0	0	0	0	0	0	0	0	0	0	0	0	0	0	0	0	0	0	0	0	0	0	0	0	0	0	0	0	0	0	0	0	0	0	0	0	0	0	0	0	0	0		0.0	0	0.0	0.0		0.0		1.0	0.0	0			0.0	1	1.0	0.0		1	0		1.0	1.0	0		0						0.0		0.0	0.0	0.0	0	0	1		0	1	1.0	0	1.0	1	0			0.0	1.0		1.0				RICKI
RICKI-028T	1	0	0	0	0	0	0	0	0	0	0	0	1	0	0	0	1	0	0	0	0	0	0	0	0	0	0	0	0	0	0	0	0	0	0	0	0	0	0	0	0	0	0	0	0	0	0	0	0	0	0	0	0	1	0	0	0	0	0	0	0	0	0		1.0	0	0.0	0.0	0.0	0.0	0.0	1.0	0.0	1	0.0	0.0	1.0	1	0.0	0.0		0	0		1.0	1.0	0		1	0.0	1.0	0.0	1.0		1.0	0.0	0.0	0.0	0.0	0	1	1	0.0	0	1	0.0	0	1.0	0	0	0.0	1.0	1.0	0.0	1.0	0.0	0.0	1.0		RICKI
RICKI-029T	0	0	0	0	0	0	0	0	0	1	0	0	0	0	0	0	0	0	0	0	0	0	0	0	0	0	0	0	0	0	0	1	0	0	0	1	0	0	0	0	0	0	0	0	0	0	0	0	0	0	0	0	0	0	1	0	0	0	0	0	0	0	0	0.0	0.0	0	0.0	0.0	0.0	0.0	0.0	0.0	0.0	0	0.0	1.0	0.0	0	0.0	0.0		0	0		0.0	1.0	0		0		0.0		1.0		0.0	0.0	0.0	0.0	0.0	0	0	0	0.0	0	1	0.0	0	1.0	0	0	0.0		0.0		1.0	0.0	0.0	0.0		RICKI
RICKI-031T	0	0	0	0	0	1	0	1	1	0	0	0	1	0	1	1	0	0	0	0	0	0	0	0	0	0	0	1	0	0	0	0	0	0	0	0	0	0	0	0	0	1	0	0	1	0	0	0	0	0	0	0	0	0	0	0	1	1	0	0	0	0	0	0.0	0.0	0	0.0	1.0	0.0	0.0	0.0	1.0	1.0	1	0.0	0.0	0.0	1	0.0	0.0		1	0	1.0	1.0	1.0	0		0	1.0	0.0	1.0	1.0	0.0	1.0	0.0	0.0	0.0	0.0	0	0	1	0.0	0	1	1.0	0	0.0	0	0	0.0	1.0	0.0	0.0	1.0	0.0	0.0	1.0		RICKI
RICKI-032T	0	0	0	0	0	0	0	0	0	1	0	0	0	0	0	0	0	1	0	1	0	0	0	0	0	1	0	0	0	0	0	1	0	0	0	0	0	0	0	0	0	0	0	0	0	0	0	0	0	0	0	0	0	0	0	1	0	0	0	0	0	0	0	1.0	0.0	0	0.0	0.0	0.0	0.0	0.0	1.0	0.0	0	0.0	0.0	0.0	0	0.0	0.0	1.0	0	0	1.0	1.0	1.0	0	1.0	1	0.0	0.0	1.0	1.0	1.0	0.0	1.0	0.0	1.0	1.0	1	0	0	0.0	0	1	1.0	0	1.0	0	0	0.0	1.0	0.0	0.0	1.0	1.0	0.0		1.0	RICKI
RICKI-033T	0	0	0	0	0	0	0	0	0	1	0	1	1	0	0	0	0	0	0	0	0	0	0	0	0	0	0	0	0	1	0	0	0	0	0	0	0	1	0	0	0	1	0	0	0	0	0	0	0	0	0	0	0	0	0	0	0	1	0	0	0	0	0	0.0	1.0	0	0.0	0.0	1.0	0.0	0.0	1.0	1.0	0	0.0	1.0	0.0	1	0.0	0.0	1.0	1	0	0.0	1.0	0.0	0	0.0	0	0.0	0.0	1.0	0.0	1.0	0.0	0.0	0.0	0.0	0.0	0	0	1	1.0	0	0	0.0	0	0.0	0	0	0.0	0.0	0.0	0.0	1.0	0.0	0.0	0.0	1.0	RICKI
RICKI-035T	0	0	0	0	0	0	0	0	0	0	0	0	0	0	1	0	0	0	0	0	0	1	0	0	1	0	0	0	0	0	0	1	1	0	0	0	0	0	1	0	0	0	0	0	0	0	0	1	0	0	0	0	0	0	0	0	0	0	1	0	0	0	0	1.0	0.0	0	0.0	0.0	0.0	0.0	0.0	1.0	1.0	0	0.0	0.0	0.0	1	0.0	0.0	1.0	1	1	1.0	1.0	0.0	0		0	0.0	0.0	1.0	1.0	1.0	0.0	0.0	0.0	0.0	0.0	0	0	1	0.0	0	1	1.0	0	1.0	1	0	0.0	1.0	0.0	0.0	1.0	0.0	0.0	0.0	1.0	RICKI
RICKI-037T	0	0	0	0	1	0	0	1	0	0	1	0	0	0	0	0	0	0	0	0	0	0	0	0	0	0	0	0	0	0	0	0	0	0	0	0	0	0	1	0	0	1	0	0	0	1	0	0	0	0	0	0	0	0	0	0	0	1	0	0	0	0	0	1.0	1.0	0	0.0	0.0	0.0	0.0	0.0	0.0	1.0	0	0.0	0.0	0.0	0	0.0	0.0	1.0	1	0	1.0	1.0	1.0	0		0	0.0	0.0	1.0	1.0	0.0	0.0	0.0	0.0	0.0	0.0	0	0	0	0.0	0	0	0.0	0	0.0	0	0	0.0	0.0	0.0	0.0	1.0	0.0	0.0	0.0		RICKI
RICKI-038T	0	0	0	0	0	0	0	0	0	0	0	0	1	1	0	0	0	0	0	1	0	0	0	0	1	0	0	0	0	0	0	0	0	1	0	0	1	0	0	0	0	0	0	0	0	0	0	0	0	0	0	0	0	0	0	0	0	0	0	0	0	0	0	1.0	0.0	0	0.0	0.0	0.0	0.0	0.0	1.0	1.0	0	0.0	1.0	0.0	0	1.0	1.0	0.0	1	0	1.0	1.0	1.0	0	1.0	0	0.0	0.0	1.0	1.0	1.0	0.0	0.0	0.0	1.0	0.0	0	0	1	0.0	1	1	1.0	0	1.0	0	1	0.0	1.0	1.0	0.0	1.0	0.0	0.0	1.0	1.0	RICKI
RICKI-039T	0	0	0	0	0	0	0	0	1	0	0	0	0	0	0	0	0	0	0	0	1	0	0	0	0	0	0	0	0	0	0	0	0	0	1	0	1	0	1	0	0	0	0	0	1	1	0	0	0	0	0	0	0	1	0	0	0	0	0	0	0	0	0	1.0	0.0	0	0.0	0.0	0.0	0.0	0.0	1.0	1.0	0	0.0	1.0	0.0	0	0.0	0.0	1.0	1	0	0.0	0.0	1.0	0	1.0	0	0.0	0.0	1.0	1.0	0.0	0.0	0.0	0.0	0.0	1.0	0	0	0	0.0	0	1	1.0	0	1.0	0	0	0.0	0.0	0.0	0.0	1.0	0.0	0.0	1.0		RICKI
RICKI-040T	0	0	0	0	0	0	0	0	1	1	0	0	1	1	0	0	1	0	0	0	1	0	0	1	0	1	0	0	0	0	1	1	0	0	1	0	0	1	0	1	0	1	0	1	1	0	0	0	0	0	1	0	0	0	0	1	0	0	0	1	0	0	0	0.0	0.0	0	0.0	0.0	0.0	0.0	0.0	0.0	1.0	0	0.0	0.0	0.0	0	0.0	0.0		1	0		1.0	1.0	0	1.0	0		0.0		1.0		0.0		0.0	0.0	0.0	0	0	1		1	0	1.0	0	1.0	0	0				0.0	1.0	0.0		1.0		RICKI
RICKI-041T	0	0	0	0	0	0	0	0	0	0	0	0	0	0	0	0	0	0	0	1	0	1	0	0	0	0	0	0	0	1	0	0	0	0	1	0	1	0	0	0	0	0	0	0	0	0	0	0	0	0	0	0	1	0	0	0	0	0	0	0	0	0	0	1.0	0.0	0	0.0	0.0	0.0	0.0	0.0	1.0	0.0	0	0.0	0.0	1.0	0	0.0	1.0	1.0	1	0	1.0	1.0	1.0	0	1.0	1	1.0	0.0	1.0	1.0	1.0	0.0	1.0	1.0	0.0	0.0	0	0	1	0.0	0	1	1.0	0	1.0	0	0	0.0	1.0	0.0	1.0	1.0	1.0	1.0	1.0		RICKI
RICKI-042T	1	0	0	0	0	0	0	0	0	1	0	0	1	0	0	0	0	0	0	0	0	1	1	0	0	0	0	0	1	0	1	1	0	0	0	0	0	0	1	0	0	0	0	0	0	1	0	0	0	0	0	0	0	0	0	0	0	1	0	0	0	0	0	0.0	1.0	0	1.0	1.0	0.0	0.0	0.0	1.0	1.0	1	0.0	1.0	0.0	0	1.0	0.0	1.0	1	0	1.0	1.0	1.0	0	1.0	1	0.0	0.0	1.0	1.0	1.0	0.0	0.0	0.0	0.0		0	1	1	0.0	0	1	1.0	0	1.0	0	1	0.0	1.0	1.0	0.0	1.0	1.0	0.0	1.0	1.0	RICKI
RICKI-043T	0	0	0	0	0	0	0	0	0	0	0	0	0	0	0	0	0	0	0	1	0	0	0	0	0	0	1	1	0	0	0	0	0	0	0	0	0	0	0	0	0	0	0	1	0	0	0	0	1	0	0	0	0	0	0	0	1	0	0	0	0	0	0	1.0	0.0	0	0.0	0.0	0.0	0.0	1.0	1.0	1.0	0	1.0	0.0	0.0	0	0.0	0.0	1.0	1	0		1.0	0.0	0	1.0	0	0.0	0.0	1.0	1.0	0.0	0.0	0.0	0.0	0.0	0.0	0	0	0	0.0	0	1	1.0	0	0.0	0	1	0.0	1.0	0.0	0.0	1.0	0.0	0.0	1.0	0.0	RICKI
RICKI-044T	0	0	0	0	0	0	0	0	0	0	0	0	0	0	0	0	0	0	0	1	0	1	0	0	0	1	0	0	0	0	0	0	0	0	0	0	0	0	1	0	0	0	0	0	0	0	0	0	0	0	0	0	0	0	0	0	0	0	0	0	0	0	0	1.0	0.0	0	0.0	1.0	1.0	0.0	0.0	0.0	0.0	0	0.0	0.0	0.0	1	0.0	0.0	1.0	1	0	1.0	1.0	1.0	0	1.0	0	0.0	1.0	1.0	1.0	1.0	0.0	0.0	0.0	0.0	0.0	0	0	0	0.0	0	1	0.0	0	0.0	0	1	0.0	1.0	0.0	0.0	1.0	0.0	0.0	1.0	0.0	RICKI
RICKI-045T	0	0	0	0	0	0	0	0	0	0	0	1	0	0	0	0	0	0	0	1	0	0	0	0	1	0	0	1	0	1	0	0	0	0	0	0	1	0	1	0	0	0	0	0	0	0	0	0	0	0	1	0	0	0	0	1	0	0	1	0	0	0	0	1.0	0.0	0	1.0	0.0	1.0	0.0	0.0	1.0	0.0	1	0.0	1.0	0.0	0	0.0	0.0	1.0	0	0		1.0	0.0	0	1.0	0	0.0	0.0	1.0	0.0	1.0	0.0		1.0	0.0	0.0	1	0	1	0.0	1	1	1.0	0	1.0	0	1	0.0		0.0	0.0	1.0	0.0	0.0	0.0		RICKI
RICKI-046T	0	0	0	0	0	0	0	0	0	0	0	0	0	0	0	0	0	0	0	0	0	1	0	0	0	0	0	0	0	0	1	0	0	0	0	0	0	0	0	0	0	0	0	0	0	0	0	0	0	0	0	0	0	0	0	0	0	0	0	0	1	0	0	0.0	0.0	1	0.0	0.0	0.0	0.0	0.0	1.0	0.0	0	0.0	1.0	0.0	0	0.0	0.0	1.0	1	0	0.0	1.0	0.0	0	1.0	0	0.0	0.0	1.0	1.0	1.0	0.0	1.0	0.0	0.0	1.0	1	0	1	0.0	0	0	1.0	0	0.0	0	0	0.0	1.0	0.0	0.0	1.0	0.0	0.0	0.0		RICKI
RICKI-048T	0	0	0	0	0	0	0	0	0	1	0	0	0	1	0	0	0	0	0	0	0	0	1	1	1	0	0	1	0	0	0	0	0	0	0	0	0	1	0	0	0	0	0	0	0	0	0	0	0	0	0	0	0	0	0	0	0	0	0	0	0	0	0	1.0	0.0	0	0.0	0.0	0.0	0.0	1.0	1.0	1.0	0	0.0	1.0	0.0	0	0.0	0.0	0.0	1	0		1.0	1.0	0	1.0	1	1.0	0.0	1.0	1.0	1.0	0.0	1.0	0.0	0.0	0.0	0	0	1	0.0	1	1	1.0	0	1.0	0	0	0.0		0.0	0.0	1.0	1.0		0.0		RICKI
RICKI-049T	0	0	0	0	0	0	0	0	0	0	0	0	0	0	0	0	0	0	0	1	0	0	0	0	0	0	0	0	0	0	0	1	0	0	0	0	0	0	1	0	0	0	0	0	0	0	0	0	0	0	0	0	0	0	0	0	0	0	0	0	0	0	0	0.0	0.0	0	0.0	0.0	0.0	0.0	1.0	1.0	1.0	0	0.0	0.0	0.0	0	0.0	0.0	1.0	0	0		0.0	0.0	0	1.0	0	0.0	0.0	1.0	1.0	1.0	0.0	0.0	0.0	0.0	0.0	0	1	1	0.0	0	1	1.0	0	1.0	0	0	0.0		0.0	0.0	0.0	0.0	0.0	0.0	0.0	RICKI
RICKI-050T	0	1	0	0	0	0	0	0	0	1	0	1	0	0	0	0	0	0	0	0	0	0	0	0	0	0	0	0	0	0	0	0	0	1	1	0	0	0	0	0	0	0	0	0	0	0	0	1	0	0	0	0	0	0	0	0	0	0	0	0	0	1	0	1.0	0.0	0	0.0	0.0	0.0	1.0	0.0	1.0	0.0	1	0.0	1.0	0.0	1	0.0	1.0	1.0	1	0	1.0	1.0	1.0	0	1.0	0	0.0	0.0	1.0	1.0	1.0	0.0	1.0	0.0	0.0	1.0	0	0	1	0.0	0	1	1.0	0	1.0	0	0	1.0	0.0	0.0	0.0	1.0	0.0	1.0	1.0	1.0	RICKI
RICKI-051T	0	0	0	0	1	0	0	0	1	0	0	0	1	0	0	0	0	0	0	0	0	1	0	0	0	0	1	0	0	0	0	1	1	0	0	0	0	0	0	1	0	0	0	0	0	0	0	0	0	0	0	0	0	0	0	0	1	1	0	0	0	0	0	1.0	0.0	0	0.0	0.0	0.0	0.0	0.0	1.0	0.0	0	0.0	0.0	0.0	0	0.0	0.0	1.0	1	0	1.0	1.0	0.0	0	1.0	0	0.0	0.0	0.0	0.0	0.0	0.0	0.0	0.0	0.0	0.0	0	0	1	0.0	0	1	1.0	0	0.0	0	0	0.0	0.0	0.0	0.0	1.0	0.0	0.0	1.0	0.0	RICKI
RICKI-053T	0	0	0	0	0	0	0	0	0	0	0	0	0	0	0	0	0	0	0	0	0	1	0	0	0	0	0	0	1	0	1	0	0	0	0	0	0	0	1	0	0	0	0	0	0	0	0	0	1	0	0	0	0	0	1	0	0	1	0	0	0	0	0	1.0	1.0	1	1.0	0.0	0.0	0.0	0.0	1.0	0.0	0	1.0	1.0	0.0	1	0.0	0.0		1	1	1.0	1.0	1.0	0	1.0	0	0.0	1.0	1.0	1.0	1.0	0.0	0.0	0.0	0.0	0.0	0	0	1	1.0	0	1	1.0	0	1.0	0	1	1.0	1.0	0.0	1.0	1.0	0.0	0.0	1.0	1.0	RICKI
RICKI-054T	0	0	0	0	0	0	0	0	0	0	0	0	0	0	0	0	0	0	0	0	0	0	0	0	0	0	0	0	0	0	0	0	1	0	0	0	0	0	0	0	0	0	0	0	0	0	0	0	0	0	0	0	0	0	0	0	0	0	0	0	0	0	0	1.0	0.0	0	0.0	0.0	0.0	0.0	0.0	1.0	1.0	0	0.0	0.0	0.0	0	1.0	0.0		1	0	1.0	1.0	0.0	0	1.0	0	0.0	0.0	1.0	1.0	1.0	0.0	1.0	0.0	0.0	1.0	0	0	1	0.0	0	1	1.0	0	1.0	0	0	0.0		0.0	0.0	1.0	1.0	0.0	1.0	1.0	RICKI
RICKI-055T	0	0	0	0	0	0	0	0	0	0	0	0	0	1	0	0	0	0	0	0	0	0	0	0	0	0	0	0	0	0	0	1	0	0	0	0	0	0	0	0	0	0	0	0	0	0	0	0	0	0	0	0	0	0	0	0	0	0	0	0	1	0	0	1.0	0.0	0	0.0	0.0	0.0	0.0	0.0	0.0	1.0	0	0.0	1.0	0.0	0	0.0	0.0	1.0	1	0		1.0	1.0	0	0.0	1	0.0	1.0	0.0	1.0	1.0	0.0	0.0	0.0	0.0	0.0	0	0	1	0.0	0	0	0.0	0	0.0	0	0	1.0		0.0	1.0	1.0	0.0	0.0	1.0		RICKI
RICKI-060T	0	0	0	0	0	1	0	0	0	0	0	0	0	0	0	0	0	0	0	0	0	0	1	0	0	0	0	0	0	0	0	0	0	0	0	0	0	0	0	1	0	0	0	0	0	0	0	0	0	0	0	0	0	0	0	0	0	0	0	0	0	0	1	1.0	0.0	0	1.0	1.0	1.0	0.0	0.0	0.0	1.0	1	1.0	0.0	0.0	0	0.0	0.0	0.0	1	0	1.0	1.0	1.0	1		1	0.0	0.0	0.0	1.0	1.0	0.0	0.0	1.0	0.0	1.0	1	1	1	0.0	0	1	1.0	0	1.0	0	1	0.0	0.0	0.0	0.0	1.0	1.0	0.0	1.0	1.0	RICKI
RICKI-061T	1	0	0	0	0	0	0	0	0	0	0	0	0	0	0	0	0	0	0	1	0	0	0	0	0	0	0	0	0	0	0	0	0	0	1	0	0	0	0	0	0	0	0	0	0	0	0	0	0	0	0	0	0	0	0	0	0	0	1	0	0	0	0	1.0	0.0	0	0.0	0.0	0.0	0.0	0.0	1.0	0.0	0	0.0	0.0	0.0	1	0.0	0.0	1.0	1	0	1.0	1.0	0.0	0	1.0	0	0.0	0.0	1.0	1.0	1.0	0.0	0.0	0.0	0.0	1.0	0	0	0	0.0	0	1	0.0	0	1.0	0	0	0.0	1.0	0.0	1.0	1.0	0.0	0.0	0.0		RICKI
RICKI-062T	0	0	0	0	0	0	0	0	1	0	0	0	0	0	0	0	0	0	0	0	0	0	0	1	0	0	0	0	0	1	1	0	0	0	0	0	0	1	0	1	0	0	0	0	0	0	1	0	1	0	0	0	0	0	0	0	0	0	0	0	0	0	0	0.0	0.0	0	0.0	0.0	0.0	0.0	0.0	1.0	1.0	0	1.0	1.0	0.0	0	0.0	0.0	1.0	1	0	1.0	1.0	1.0	0	1.0	1	0.0	0.0	1.0	1.0	1.0	0.0	0.0	0.0	0.0	0.0	0	0	1	0.0	0	1	1.0	0	0.0	0	1	1.0	1.0	0.0	0.0	1.0	1.0	0.0	1.0	1.0	RICKI
RICKI-064T	0	0	0	0	0	0	0	0	0	0	0	0	0	0	0	0	0	0	0	0	0	0	0	0	1	0	0	0	0	0	0	0	0	0	0	0	1	0	0	0	0	0	0	0	0	0	0	0	0	0	0	0	0	0	0	0	0	0	0	0	0	0	0	1.0	0.0	0	0.0	0.0	0.0	0.0		1.0	1.0	1	0.0	0.0	0.0	0	0.0	0.0	0.0	0	0	0.0	1.0	0.0	0	1.0	0	0.0	0.0	1.0	0.0	1.0	0.0	0.0	0.0	0.0	0.0	0	0	0	0.0	0	1	0.0	0	0.0	0	0	0.0	1.0	0.0	0.0	0.0	1.0	0.0			RICKI
RICKI-065T	0	0	0	0	0	0	1	0	0	1	0	0	1	0	0	0	0	0	1	0	0	0	0	0	0	0	0	0	0	0	1	0	0	0	0	0	0	0	0	0	0	0	0	0	0	0	0	0	0	0	0	0	0	0	0	0	1	0	1	0	0	0	1	0.0	0.0	0	1.0	1.0	0.0	1.0	0.0	1.0	1.0	0	0.0	0.0	0.0	0	0.0	0.0		1	0	1.0	1.0	1.0	0	1.0	1	1.0	0.0	1.0	1.0	1.0	0.0	0.0	0.0	0.0	0.0	0	0	0	0.0	0	1	1.0	0	1.0	0	0	1.0	1.0	1.0	0.0	1.0	0.0	0.0	1.0		RICKI
RICKI-066T	0	0	0	1	1	0	0	0	0	0	0	0	0	0	0	0	0	0	0	0	0	0	0	1	0	0	0	0	0	1	1	0	0	0	0	0	1	1	0	0	0	0	0	0	0	0	0	0	0	0	0	0	0	0	0	0	0	0	0	0	0	0	0	1.0	0.0	0	1.0	1.0	1.0	0.0	0.0	1.0	1.0	0	0.0	0.0	0.0	0	0.0	0.0	1.0	1	0	1.0	1.0	1.0	0	1.0	0	0.0	0.0	1.0	1.0	1.0	0.0	0.0	0.0	0.0	1.0	0	1	1	0.0	0	1	1.0	0	1.0	0	0	1.0		0.0	0.0	1.0	0.0	0.0	1.0		RICKI
RICKI-067T	0	0	0	0	1	0	0	0	0	0	0	0	0	0	0	0	0	1	0	0	1	0	1	0	1	0	0	0	0	0	0	0	1	1	1	0	0	0	0	0	0	0	0	0	0	0	0	0	0	0	1	0	0	0	1	0	0	1	1	0	1	0	0	1.0	0.0	1	0.0	0.0	0.0	0.0	0.0	1.0	0.0	0	0.0	0.0	0.0	1	0.0	0.0	0.0	1	0		1.0	1.0	1	1.0	0	1.0	0.0	1.0	1.0	1.0	0.0	0.0	0.0	0.0	0.0	0	0	1	1.0	1	0	0.0	1	1.0	0	1	1.0	1.0	0.0	0.0	1.0	0.0	0.0	1.0	1.0	RICKI
RICKI-070T	0	0	0	0	0	0	0	1	0	0	0	0	0	0	0	0	0	0	0	0	0	1	0	0	1	0	0	0	0	0	0	0	0	1	0	0	1	0	0	0	0	0	0	0	0	0	0	0	0	0	0	0	0	0	0	0	0	0	0	1	0	0	0	1.0	0.0	0	0.0	0.0	0.0	1.0	0.0	1.0	1.0	0	1.0	0.0	0.0	0	1.0	0.0	0.0	1	0	1.0	1.0	0.0	0	1.0	1	0.0	0.0	1.0	1.0	1.0	0.0	0.0	0.0	0.0	0.0	1	1	1	1.0	0	1	0.0	0	1.0	0	0	0.0	1.0	0.0	0.0	1.0	0.0	0.0	1.0	1.0	RICKI
RICKI-071T	0	0	0	0	0	0	0	0	0	0	0	0	0	1	0	0	0	0	0	0	0	0	0	0	0	0	0	0	0	0	0	1	0	0	0	0	0	0	1	1	0	0	0	0	0	0	1	0	0	0	0	0	0	0	0	0	0	0	0	0	0	0	0	1.0	0.0	0	0.0	0.0	0.0	0.0	0.0	1.0	1.0	0	0.0	0.0	0.0	0	0.0	0.0	1.0	1	0	1.0	1.0	1.0	0	1.0	0	0.0	0.0	1.0	1.0	1.0	0.0	0.0	0.0	0.0	0.0	0	0	1	0.0	0	1	1.0	0	0.0	0	0	0.0	1.0	0.0	0.0	1.0	0.0	0.0	1.0	1.0	RICKI
RICKI-072T	0	0	0	0	0	0	0	0	0	0	0	0	0	0	0	0	0	0	0	1	0	0	0	0	0	1	1	0	0	0	0	0	0	0	0	1	0	0	0	0	0	0	0	0	0	0	0	0	1	1	0	0	0	0	0	0	0	0	0	0	0	0	0	1.0	0.0	0	0.0	0.0	0.0	0.0	0.0	0.0	0.0	0	0.0	0.0	0.0	0	0.0	0.0	1.0	1	0	0.0	0.0	0.0	0	1.0	0	0.0	0.0	0.0	0.0	0.0	0.0	0.0	0.0	0.0	1.0	0	0	0	1.0	1	1	0.0	0	0.0	0	0	0.0	1.0	0.0	0.0	0.0	0.0	0.0	0.0		RICKI
RICKI-073T	0	0	0	0	0	0	0	0	0	0	0	0	0	0	0	0	1	0	0	0	0	1	1	0	0	0	0	0	0	0	0	0	0	0	0	1	0	0	1	0	0	0	0	0	0	0	0	0	0	0	0	0	0	0	0	0	1	0	1	0	0	1	0	1.0	0.0	0	0.0	0.0	0.0	0.0	0.0	1.0	1.0	0	0.0	1.0	0.0	1	0.0	0.0	1.0	1	0	1.0	1.0	1.0	0	1.0	0	0.0	0.0	1.0	1.0	1.0	0.0	1.0	0.0	0.0	1.0	0	0	1	0.0	0	1	1.0	0	1.0	0	1	0.0	1.0	0.0	0.0	1.0	0.0	0.0	1.0		RICKI
RICKI-074T	0	0	0	0	1	0	0	0	0	0	0	0	0	0	0	0	0	0	0	0	1	0	0	0	0	0	0	0	0	0	0	0	0	0	0	0	0	0	0	0	0	0	0	0	0	0	0	0	0	0	0	0	0	0	0	0	0	0	0	0	0	0	0	1.0	0.0	0	0.0	0.0	0.0	0.0	0.0	0.0	1.0	0	0.0	1.0	0.0	0	1.0	0.0	1.0	1	0		1.0	1.0	1	1.0	1	0.0	0.0	1.0	1.0	1.0	0.0	0.0	0.0	0.0	0.0	0	0	1	0.0	1	1	1.0	0	1.0	0	0	0.0		0.0	0.0	1.0	0.0	0.0	0.0	1.0	RICKI
RICKI-075T	1	0	0	0	0	0	0	0	0	0	0	0	0	0	0	0	0	0	1	0	0	0	0	1	0	0	0	0	0	0	1	0	0	0	0	0	0	0	0	0	0	0	0	0	0	1	0	0	0	0	0	0	0	0	0	0	0	0	0	0	0	0	0	1.0	0.0	0	0.0	0.0	0.0	0.0	0.0	1.0	0.0	0	0.0	0.0	0.0	1	0.0	0.0	1.0	1	0	1.0	1.0	1.0	0	1.0	0	0.0	0.0	1.0	1.0	1.0	0.0	0.0	0.0	0.0	1.0	0	0	1	0.0	0	1	0.0	0	1.0	0	1	1.0	1.0	0.0	0.0	1.0	0.0	0.0	1.0	1.0	RICKI
RICKI-076T	0	0	0	0	0	0	1	0	0	1	0	0	0	0	0	0	0	0	0	0	0	0	0	0	0	0	0	0	0	0	0	0	0	0	0	0	1	0	1	0	0	0	0	0	0	0	0	0	0	0	0	0	0	0	0	0	0	0	0	0	0	0	0	1.0	0.0	0	0.0	0.0	0.0	0.0	0.0	1.0	0.0	0	0.0	0.0	0.0	0	0.0	0.0	1.0	1	0	1.0	1.0	1.0	0	1.0	0	0.0	0.0	1.0	1.0	1.0	0.0	0.0	0.0	0.0	0.0	0	0	1	0.0	0	1	0.0	0	0.0	0	0	0.0	1.0	1.0	0.0	1.0	0.0	0.0	1.0	1.0	RICKI
RICKI-077T	1	0	0	0	0	0	1	0	0	0	0	0	0	0	0	0	0	0	1	0	0	0	1	0	0	0	0	0	0	1	0	0	1	0	0	1	0	1	0	0	0	0	1	0	0	0	0	1	0	1	0	0	0	0	0	0	0	0	0	0	0	1	1	1.0	0.0	0	0.0	0.0	0.0	0.0	0.0	1.0	1.0	0	0.0	0.0	0.0	0	0.0	0.0	1.0	0	0	1.0	1.0	1.0	1	1.0	0	0.0	0.0	1.0	1.0	1.0	0.0	1.0	0.0	0.0	1.0	0	1	0	0.0	1	1	0.0	0	0.0	0	1	0.0	1.0	0.0	0.0	1.0	0.0	0.0	0.0		RICKI
RICKI-078T	0	0	0	0	0	0	0	0	0	1	0	0	0	1	0	0	0	0	0	0	0	1	0	0	0	0	0	0	0	0	0	0	1	0	0	1	0	0	0	1	0	0	0	0	0	0	1	0	0	0	0	0	0	0	0	0	0	0	0	0	0	0	0	1.0	0.0	0	0.0	0.0	0.0	0.0	0.0	0.0	0.0	0	0.0	0.0	0.0	0	0.0	0.0	1.0	0	0	1.0	1.0	1.0	0	1.0	0	0.0	0.0	1.0	1.0	0.0	0.0	0.0	0.0	0.0	0.0	1	1	1	0.0	1	1	0.0	0	0.0	0	0	1.0	1.0	0.0	0.0	1.0	0.0	0.0	1.0	1.0	RICKI
RICKI-079T	0	0	1	0	0	1	0	0	0	0	0	0	0	0	0	0	0	0	0	0	0	0	1	0	0	0	0	0	0	0	0	0	0	0	0	0	0	0	0	0	0	0	0	1	0	0	0	0	0	1	0	0	0	0	0	0	0	0	0	0	0	0	0	1.0	0.0	0	0.0	0.0	0.0	0.0	0.0	0.0	1.0	0	0.0	0.0	0.0	0	0.0	0.0	1.0	1	0	1.0	1.0	0.0	0	0.0	0	1.0	0.0	1.0	1.0	0.0	0.0	0.0	0.0	0.0	0.0	0	0	1	0.0	0	1	1.0	0	1.0	0	0	0.0	0.0	0.0	0.0	0.0	0.0	0.0	0.0	1.0	RICKI
RICKI-080T	0	0	0	0	0	1	0	0	1	0	0	0	1	0	0	0	0	0	0	0	0	0	0	0	0	0	0	0	0	0	1	0	0	0	1	0	1	0	0	0	0	0	0	0	0	0	0	0	1	0	0	0	0	0	0	0	0	0	0	0	0	0	0	1.0	0.0	0	0.0	0.0	0.0	1.0	0.0	0.0	1.0	0	0.0	0.0	0.0	0	0.0	0.0	1.0	1	0	1.0	1.0	1.0	0	1.0	0	0.0	0.0	1.0	1.0	1.0	0.0	0.0	0.0	0.0	1.0	0	0	1	0.0	0	1	0.0	0	0.0	1	0	0.0	1.0	0.0	0.0	1.0	0.0	0.0	1.0	1.0	RICKI
RICKI-081T	0	0	0	0	0	0	0	0	0	0	0	0	1	0	0	0	0	0	0	0	0	0	0	0	0	0	0	0	0	0	0	0	1	0	0	0	0	0	0	1	1	1	0	1	0	0	0	0	0	0	0	1	0	0	0	0	0	0	0	0	0	0	1	0.0	0.0	0	0.0	0.0	0.0	0.0	1.0	1.0	0.0	0	0.0	0.0	0.0	0	0.0	0.0	0.0	1	0	0.0	1.0	1.0	0	1.0	0	0.0	1.0	1.0	0.0	0.0	1.0	0.0	0.0	1.0	1.0	0	0	1	0.0	1	1	1.0	0	0.0	0	1	0.0	1.0	0.0	0.0	1.0	0.0	1.0	0.0	1.0	RICKI
RICKI-082T	0	0	0	0	0	0	0	0	1	1	1	0	0	0	0	0	0	0	0	1	0	0	0	0	0	0	1	0	0	0	0	0	0	0	1	0	0	0	0	0	0	0	1	0	0	0	0	0	0	0	0	1	1	0	0	0	0	0	0	0	0	0	0	1.0	1.0	0	0.0	0.0	0.0	0.0	0.0	1.0	1.0	0	0.0	0.0	0.0	0	0.0	0.0	0.0	0	0	1.0	1.0	1.0	0	1.0	0	0.0	1.0	1.0	1.0	1.0	0.0	0.0	0.0	0.0	0.0	0	0	1	0.0	0	1	1.0	0	1.0	0	0	1.0	0.0	0.0	0.0	1.0	0.0	0.0			RICKI
RICKI-083T	0	0	1	0	0	0	0	0	1	1	0	0	0	0	0	0	1	0	0	0	0	0	0	0	1	1	0	0	0	0	0	0	0	0	0	0	0	0	0	0	0	0	0	0	0	0	0	0	0	0	0	0	0	1	1	0	0	0	1	1	0	0	0	1.0	0.0	0	1.0	0.0	0.0	0.0	0.0	0.0	1.0	0	0.0	1.0	0.0	0	0.0	0.0	1.0	1	0	1.0	1.0	1.0	0	1.0	1	0.0	1.0	1.0	1.0	1.0	0.0	0.0	0.0	0.0		0	0	1	0.0	0	1	0.0	0	1.0	0	1	1.0	1.0	0.0	0.0	1.0	0.0	0.0	1.0	1.0	RICKI
RICKI-084T	1	0	0	1	0	0	0	0	0	0	0	0	1	0	0	0	0	0	0	1	0	0	0	0	0	0	0	0	0	0	0	0	0	1	0	0	0	1	1	0	0	0	0	0	0	0	0	0	0	0	0	0	0	0	0	0	0	0	0	0	0	0	0	0.0	1.0	0	0.0	0.0	0.0	0.0	0.0	1.0	0.0	1	0.0	0.0	0.0	0	0.0	0.0	1.0	1	0		1.0	1.0	0	1.0	0	0.0	0.0	1.0	1.0	1.0	0.0	0.0	0.0	1.0	1.0	0	0	1	0.0	1	1	1.0	0	1.0	0	0	0.0		1.0	0.0	1.0	0.0	0.0	1.0	1.0	RICKI
